1 0    11.1  1.8   5.5   8.5   12   4.8
2 11.1 0     9.4   8.9   6.1   14.5 6.5
3 1.8  9.4   0     10.6  6.8   9.3  4.9
4 5.5  8.9   10.6  0     10.4  13.9 4.1
5 8.5  6.1   6.8   10.4  0     10.7 11.3
6 12   14.5  9.3   13.9  10.7  0    13.6
7 4.8  6.5   4.9   4.1   11.3  13.6 0